6

20
4 17 7 8 3 4 15 11 17 16 7 12 2 5 0 17 0 7 7 0 
9 14 7 18 16 4 11 9 3 13 
9 17 8 15 5 16 6 3 14 10 
4 6 11 13 17 
7 12 0 6 1 16 18 9 
3 19 0 6 
4 1 12 11 19 
8 10 2 1 3 9 15 4 14 
2 13 0 
5 1 13 19 11 15 
6 0 12 6 16 18 3 
3 6 13 1 
6 2 0 15 12 8 5 
8 3 19 9 14 11 5 15 16 
5 7 2 8 10 0 
4 0 12 1 6 
6 1 11 6 12 8 19 
6 1 0 18 3 9 12 
4 1 19 2 18 
5 0 16 3 9 17 
6 4 12 8 17 15 5 

20
4 13 16 2 17 17 8 4 12 0 10 2 4 2 2 8 8 9 3 18 
12 8 15 6 16 7 13 9 12 1 19 11 10 
6 14 17 12 6 18 0 
6 3 11 19 5 4 7 
7 10 2 18 15 13 17 14 
6 9 2 8 16 13 17 
4 2 14 9 12 
3 1 0 18 
7 2 18 0 10 8 19 11 
6 0 13 4 7 10 15 
5 4 0 19 11 5 
6 3 7 15 8 17 0 
7 2 15 18 0 16 9 7 
7 1 0 15 16 13 5 14 
6 0 8 3 4 12 15 
5 1 19 3 5 12 
8 0 11 3 10 16 12 13 8 
5 0 15 4 12 11 
5 1 18 3 4 10 
6 7 1 3 17 11 6 
5 2 9 0 14 7 

20
4 3 7 8 16 6 15 8 11 4 16 4 5 11 10 13 2 8 4 15 
9 7 9 11 18 15 13 3 8 4 
8 19 12 4 17 2 10 7 18 
7 1 13 16 12 6 14 3 
5 0 11 2 6 10 
10 8 6 1 19 14 5 12 9 10 0 
6 14 15 19 4 7 13 
5 4 18 2 3 10 
5 1 0 13 5 12 
6 4 13 11 14 0 15 
5 0 12 11 4 14 
8 1 11 16 17 3 4 6 18 
6 16 0 8 10 3 9 
5 1 2 9 4 7 
5 0 8 2 7 5 
7 5 15 8 4 2 18 9 
5 5 0 14 18 8 
4 11 2 10 19 
3 1 10 19 
6 0 6 15 14 1 10 
5 1 4 5 17 16 

20
17 14 7 6 4 6 1 15 10 17 15 2 5 10 1 7 17 2 5 9 
11 5 13 15 9 18 1 8 10 7 2 6 
9 16 19 14 12 17 11 0 10 18 
4 13 6 10 0 
7 4 16 19 6 15 9 13 
2 3 8 
5 6 0 9 16 7 
10 5 2 3 14 10 12 15 9 0 19 
4 11 13 0 5 
5 0 15 4 12 18 
8 0 17 5 15 14 3 12 6 
6 0 19 6 11 1 2 
7 7 1 12 13 16 10 15 
5 1 11 6 8 9 
6 2 0 11 18 7 3 
6 1 16 9 6 19 17 
7 0 9 8 3 6 11 18 
5 3 1 14 11 5 
4 1 9 19 14 
6 0 19 13 15 1 8 
7 1 3 18 10 14 17 6

8
7 2 3 6 5 4 8 9
1 1
2 0 2
3 1 3 7
1 2
2 5 7
1 4
1 7
3 2 4 6

1
9999
0